version https://git-lfs.github.com/spec/v1
oid sha256:0b931bf707ac2ba8f12d62126ecb975c904410763ab4e09157ff18aaeeba1c7a
size 133395833
